[56 22 -21 64.72746547573757 65 1008 0 3]
[63 -24 0 68.32923830372215 68 1008 0 2]
[17 -17 -20 38.157984052557495 38 1008 0 3]
[1 -16 -3 52.858151772527734 53 1008 0 3]
[73 11 19 63.03640938688428 63 1008 0 3]
[24 -24 16 67.73036293501417 68 1008 0 3]
[18 19 -17 64.97832387319943 65 1008 0 3]
[28 -13 19 77.327689013621 77 1008 0 2]
[87 -13 11 49.004143453722655 49 1008 0 3]
[59 15 -10 72.80374002869321 73 1008 0 2]
[75 13 20 56.08947369310136 56 1008 0 3]
[7 -19 -8 72.01943790681226 72 1008 0 2]
[34 -25 -19 107.95552750466642 108 1008 0 1]
[78 -14 -19 67.92221642233315 68 1008 0 2]
[54 25 -23 49.93033617474496 50 1008 0 3]
[72 -7 6 66.854606735909 67 1008 0 3]
[8 -24 -7 58.13692913428662 58 1008 0 3]
[88 23 -18 68.70759924926902 69 1008 0 2]
[58 1 -14 71.16683294743399 71 1008 0 2]
[45 11 4 87.33301490939296 87 1008 0 1]
[21 4 -1 65.94106116543914 66 1008 0 3]
[31 25 -3 77.76603274368803 78 1008 0 2]
[69 -21 -7 89.79677160865923 90 1008 0 1]
[37 -17 1 71.13754737631773 71 1008 0 2]
[44 8 -24 87.31351874239898 87 1008 0 1]
[48 8 -9 67.82337182187767 68 1008 0 3]
[94 -6 -19 72.76496820731673 73 1008 0 2]
[5 2 -20 64.6895240497888 65 1008 0 3]
[71 -21 7 53.11756885424795 53 1008 0 3]
[9 -19 9 79.21383573508514 79 1008 0 2]
[82 -18 -5 53.6514543765752 54 1008 0 3]
[12 7 -11 77.68738422634198 78 1008 0 2]
[76 9 20 78.03444997767657 78 1008 0 2]
[60 -10 8 54.14302554506168 54 1008 0 3]
[70 -24 11 82.11139579842343 82 1008 0 1]
[79 9 11 62.779496100559385 63 1008 0 3]
[2 -10 2 67.98701929508044 68 1008 0 2]
[10 16 -4 97.07133948142112 97 1008 0 1]
[29 25 10 39.1989986466981 39 1008 0 3]
[74 24 -16 132.8435627315716 133 1008 0 1]
[13 -4 4 63.65723493263221 64 1008 0 3]
[55 22 0 80.96953401194985 81 1008 0 1]
[20 20 -6 80.6637378834765 81 1008 0 2]
[83 8 -4 53.671686812518274 54 1008 0 3]
[57 -19 -12 57.76239313707809 58 1008 0 3]
[64 -12 4 80.9941753503982 81 1008 0 1]
[16 -23 4 74.29708600698359 74 1008 0 2]
[39 11 -17 90.84382979616701 91 1008 0 1]
[93 7 16 65.23729950909458 65 1008 0 3]
[40 -2 -2 67.89919903820267 68 1008 0 3]
[14 -5 19 63.8859733694666 64 1008 0 3]
[4 4 11 84.92239961030423 85 1008 0 1]
[19 4 -17 70.05816485407982 70 1008 0 2]
[99 -9 16 81.92100882125531 82 1008 0 1]
[91 21 11 87.76760595606368 88 1008 0 1]
[95 16 16 71.15544610974973 71 1008 0 2]
[50 -10 -8 63.838460764164914 64 1008 0 3]
[68 1 22 85.07060954274783 85 1008 0 1]
[36 12 -20 53.84933999427891 54 1008 0 3]
[3 6 24 62.35403088638458 62 1008 0 3]
[41 -2 5 86.0233375991285 86 1008 0 1]
[67 25 5 76.88464948932955 77 1008 0 2]
[38 22 20 75.83122470255043 76 1008 0 2]
[26 -22 24 89.92524866947831 90 1008 0 1]
[27 13 2 80.07237585654629 80 1008 0 2]
[98 12 11 99.82033266674051 100 1008 0 1]
[85 -14 25 73.00465702197937 73 1008 0 2]
[90 2 7 69.91407530813149 70 1008 0 2]
[11 2 -25 60.806576911487866 61 1008 0 3]
[35 4 22 71.31057282999863 71 1008 0 2]
[62 -1 25 69.1896564786527 69 1008 0 2]
[65 -23 -5 74.76942390259997 75 1008 0 2]
[33 -7 -4 68.11141422626697 68 1008 0 2]
[51 14 13 60.81604424468284 61 1008 0 3]
[89 6 10 79.11247426324347 79 1008 0 2]
[86 12 -4 78.73007732746012 79 1008 0 2]
[81 24 -5 67.87549033128981 68 1008 0 3]
[53 12 7 63.13472289863904 63 1008 0 3]
[23 16 25 50.853080399703735 51 1008 0 3]
[80 15 -6 64.34461923976725 64 1008 0 3]
[6 -19 6 92.13629622280168 92 1008 0 1]
[77 -18 -22 63.91761783187142 64 1008 0 3]
[32 -1 11 78.84066550688269 79 1008 0 2]
[0 -10 23 89.10130502238317 89 1008 0 1]
[66 13 -13 61.291048073829266 61 1008 0 3]
[97 -16 -23 58.31635676513129 58 1008 0 3]
[22 23 -8 102.8867113297492 103 1008 0 1]
[42 -12 -4 125.28825309301881 125 1008 0 1]
[46 16 19 88.73033028095395 89 1008 0 1]
[52 -12 -15 75.12160966977187 75 1008 0 2]
[49 16 -8 55.314489053215055 55 1008 0 3]
[92 -14 -14 92.74489439787708 93 1008 0 1]
[84 16 -14 74.9651415491202 75 1008 0 2]
[15 -3 -20 88.09372492476388 88 1008 0 1]
[96 -25 -2 42.658285813676976 43 1008 0 3]
[43 -8 10 78.32853715374429 78 1008 0 2]
[47 17 -22 60.990202512683005 61 1008 0 3]
[61 5 -10 103.24299968454947 103 1008 0 1]
[30 -5 -6 87.09552324222224 87 1008 0 1]
[25 -19 17 92.1438138316086 92 1008 0 1]
