[118 2.151233479052541 13.232879135748796 250 250 500 14]
[77 5.022009305606744 20.017070891069828 250 250 500 17]
[84 -3.7469296475538107 -10.578820204832594 250 250 500 15]
[6 13.166326405519381 -11.915252463464943 250 250 500 17]
[45 -8.991831250048879 -15.953672716913209 250 250 500 17]
[95 16.50536393113665 -18.1703168570387 250 250 500 18]
[33 -20 -6 250 250 500 15]
[37 4.520181865979303 12.796329285747529 250 250 500 15]
[39 -16.723318549362617 15.88255569209209 250 250 500 18]
[82 -7.2372167719211 -6.29293831712779 250 250 500 14]
[90 8.236747659831034 11.77436670307833 250 250 500 15]
[31 3.727743527629717 16.528736622303633 250 250 500 15]
[75 11.836540883893187 13.251704965908981 250 250 500 16]
[44 -12.997441914623987 -19.00136015812142 250 250 500 18]
[13 12.007241732545257 -0.941020821412684 250 250 500 17]
[97 -3.933794203839769 7.05321300485264 250 250 500 13]
[96 -3.131715444280293 16.219211311424374 250 250 500 16]
[51 16.207770029646163 8.162327737781421 250 250 500 17]
[114 2.9171661317279356 12.085776981604258 250 250 500 15]
[93 19.059174648084674 13.48193883375508 250 250 500 18]
[73 -0.1484069913815271 9.301799999889358 250 250 500 14]
[88 18.94509988475252 -20.307081567463545 250 250 500 19]
[25 -20.313300147506116 0.804228339874756 250 250 500 14]
[48 -17.897305407935825 4.254178034734991 250 250 500 14]
[15 -4.424826486588087 -12.308654509529344 250 250 500 16]
[22 -17.162681607462336 7.086499345045573 250 250 500 14]
[54 -0.45648418492061216 -7.506836697115936 250 250 500 13]
[101 -6.857950384761278 19.786088944028933 250 250 500 17]
[99 12.204632227925023 10.38792678233599 250 250 500 16]
[17 -17.566637354468046 -17.149477919185482 250 250 500 17]
[106 -15.068857011555249 -7.179378647830072 250 250 500 15]
[3 0.38831535881751744 6.696614791604075 250 250 500 13]
[2 12.751252076899855 3.30717810293037 250 250 500 18]
[11 -19.818267035514207 -2.594421742753238 250 250 500 14]
[111 10.406554479201679 9.971570941388073 250 250 500 16]
[104 14.641095143240822 13.33468419341601 250 250 500 17]
[89 15.567278112887383 8.27668002243532 250 250 500 17]
[23 -14.548979186026642 -9.749995080420971 250 250 500 16]
[10 -8.08616435589859 8.386908750890433 250 250 500 14]
[87 -5.242841391332309 -7.502101362456906 250 250 500 15]
[91 -5.661652941239489 14.970398468021116 250 250 500 15]
[46 -1.6083528345077225 13.706550189764759 250 250 500 14]
[61 7.179932837716236 -5.074325797122005 250 250 500 14]
[53 8.456991390079105 12.951968269422737 250 250 500 16]
[86 17.146890556575837 13.889310026170424 250 250 500 18]
[79 6.7980778289973225 10.964395673249 250 250 500 16]
[9 7.61757117153644 14.170268284520914 250 250 500 16]
[66 2.961388429980368 6.935739556234987 250 250 500 13]
[27 5.002371612695182 -0.9934840476722969 250 250 500 13]
[67 8.152074870250864 20.074183836371798 250 250 500 17]
[80 0.02508589981296781 -20.178495451987956 250 250 500 17]
[36 3.8409181551409044 9.44521567648553 250 250 500 15]
[105 15.12144529930348 -16.86412820558986 250 250 500 18]
[119 9.150960981682143 -4.119324652329291 250 250 500 15]
[8 -13.912654424591087 4.7724569966528545 250 250 500 14]
[81 -1.0209208998689305 -1.107628699438419 250 250 500 12]
[19 -6.947176882895447 18.19713855684835 250 250 500 17]
[58 -18.001234884796116 -3.92925349741207 250 250 500 14]
[28 -11.205841997916046 5.866324643554374 250 250 500 13]
[41 -2.178066314115089 6.003108159074407 250 250 500 12]
[60 -1.4260910472294381 5.231874268160897 250 250 500 12]
[49 -3.0117366365251668 -6.776051634209109 250 250 500 13]
[102 -7 14.563140457505 250 250 500 16]
[52 -15.023370552156772 0.10994980335188834 250 250 500 12]
[108 -1.134302205189633 -16.0164902372925 250 250 500 16]
[18 17.28893428992382 8.587359069765851 250 250 500 18]
[92 -12.042633759420575 16.26917896311794 250 250 500 17]
[107 -5.992977154508491 -10.015773569231376 250 250 500 14]
[24 -6.2034293436085255 1.243536089608538 250 250 500 12]
[20 -17.097136944848817 -12.499726259721067 250 250 500 16]
[65 3.088691420274531 8.066833778957243 250 250 500 14]
[113 1.0700712177312202 10.997553059157601 250 250 500 14]
[85 -6.983083755372677 7.005496421065711 250 250 500 12]
[110 -3.9717833695849833 3.9611631400401537 250 250 500 12]
[98 15.010837624878308 18.009093847038226 250 250 500 18]
[56 -5.192533009175609 -15.955550252439666 250 250 500 16]
[12 -16.910542986132658 3.072440861487079 250 250 500 14]
[120 3.0257328381669586 20.02010469658907 250 250 500 17]
[30 19.49317108520531 1.4751632948245228 250 250 500 20]
[57 6.658062388663751 -0.8822614383946206 250 250 500 14]
[94 -15.521674699477805 -14.73655637158021 250 250 500 17]
[0 -0.5491787137353885 13.249707383062939 250 250 500 14]
[34 13 20 250 250 500 18]
[4 -8.189298611448628 17.759235261542965 250 250 500 18]
[71 1.2497617690756242 -8.370287050258213 250 250 500 13]
[29 7.546324840697925 -11.952202769836324 250 250 500 15]
[21 7.2106126493958795 -18.901789708682387 250 250 500 18]
[5 0.6810529685398312 -4.789421604503217 250 250 500 12]
[59 11.841902729172526 15.72616749438884 250 250 500 18]
[32 -1.7640417731734694 17.77178458406843 250 250 500 15]
[16 -1.0194052248036576 14.927578715100454 250 250 500 15]
[117 15.638323324995046 17.168652603330845 250 250 500 18]
[70 -13.883831129137798 -1.9877901596663512 250 250 500 13]
[55 18.990019113766245 2.4281954106271963 250 250 500 19]
[100 1.3904739693153405 15.034162045717062 250 250 500 15]
[14 12.304477912199072 -2.3628626457288284 250 250 500 17]
[47 9.149143977557017 -17.70166724746212 250 250 500 19]
[115 -6.1233133149545 -5.29050796477313 250 250 500 15]
[42 -10.569506846852544 -4.271064476894421 250 250 500 14]
[63 -16.308525839486276 -8.54023882271017 250 250 500 15]
[76 19.904796836036688 14.55210432830058 250 250 500 18]
[26 -10.501639406282129 -1.6420691604491149 250 250 500 13]
[72 10.72118039564226 -6.012588250630893 250 250 500 15]
[35 -4.821407732707997 1.2858073719671206 250 250 500 12]
[69 5.967134269174462 -9.732330102548254 250 250 500 15]
[103 14.011564740084426 18.969872822070037 250 250 500 18]
[116 11.998418317614199 -18.004120423487066 250 250 500 17]
[78 2.3523151961787665 -7.897416804840067 250 250 500 13]
[43 17.700194304500858 5.310457885936425 250 250 500 18]
[50 -12.913408005487174 0.6768342769494051 250 250 500 12]
[62 12.119851876192886 -13.60798217692426 250 250 500 16]
[68 -20.136161009286177 -15.81930823772017 250 250 500 18]
[40 15.132336942401551 15.248889589917612 250 250 500 18]
[1 -1.3910592900914538 19.767497071008872 250 250 500 16]
[38 1.1962235744711631 -2.440725364169165 250 250 500 12]
[109 0.15924893874216314 3.9719201154505672 250 250 500 12]
[112 4.906357844263457 -12.127380287971846 250 250 500 14]
[7 0.13712747758347507 -6.718847005924522 250 250 500 13]
[74 20.442119533117427 6.976829497091661 250 250 500 18]
[83 9.90570275551263 7.723098879358137 250 250 500 16]
[64 -16.278814750773073 3.497004874731275 250 250 500 13]
