[4 4 11 84.89282528578354 85 1008 0 1]
[30 -5 -6 87.132031502449 87 1008 0 1]
[84 16 -14 74.95184822718245 75 1008 0 2]
[28 -13 19 77.45348718859543 77 1008 0 2]
[44 8 -24 87.43376668507204 87 1008 0 1]
[39 11 -17 90.7843790988752 91 1008 0 1]
[22 23 -8 102.84354721045608 103 1008 0 1]
[25 -19 17 92.19881442337294 92 1008 0 1]
[51 14 13 60.746144529209666 61 1008 0 3]
[48 8 -9 67.75621680166647 68 1008 0 3]
[58 1 -14 71.23070774976836 71 1008 0 2]
[63 -24 0 68.45573543683439 68 1008 0 2]
[42 -12 -4 125.39860884674482 125 1008 0 1]
[70 -24 11 82.1539860578628 82 1008 0 1]
[24 -24 16 67.62804328773504 68 1008 0 3]
[94 -6 -19 72.67568628250218 73 1008 0 2]
[38 22 20 75.76702125187016 76 1008 0 2]
[0 -10 23 89.1400252330949 89 1008 0 1]
[57 -19 -12 57.67224478954879 58 1008 0 3]
[81 24 -5 67.82809981388922 68 1008 0 3]
[54 25 -23 49.903804542956635 50 1008 0 3]
[45 11 4 87.46078074338588 87 1008 0 1]
[29 25 10 39.27548424431657 39 1008 0 3]
[14 -5 19 63.842569853033076 64 1008 0 3]
[2 -10 2 67.98206717187654 68 1008 0 2]
[88 23 -18 68.59668413793632 69 1008 0 2]
[18 19 -17 64.97005611946499 65 1008 0 3]
[93 7 16 65.32832012336281 65 1008 0 3]
[43 -8 10 78.45465317686003 78 1008 0 2]
[47 17 -22 60.98646462357 61 1008 0 3]
[95 16 16 71.21494783242417 71 1008 0 2]
[50 -10 -8 63.77703627682854 64 1008 0 3]
[99 -9 16 81.89090659088248 82 1008 0 1]
[36 12 -20 53.79207378829524 54 1008 0 3]
[67 25 5 76.84072447050514 77 1008 0 2]
[87 -13 11 49.00572479028391 49 1008 0 3]
[40 -2 -2 67.8608135802329 68 1008 0 3]
[34 -25 -19 107.93856658510745 108 1008 0 1]
[26 -22 24 89.89675684104827 90 1008 0 1]
[86 12 -4 78.62756989235021 79 1008 0 2]
[31 25 -3 77.67712758168489 78 1008 0 2]
[52 -12 -15 75.16812225265834 75 1008 0 2]
[49 16 -8 55.43546825604221 55 1008 0 3]
[83 8 -4 53.54747318451261 54 1008 0 3]
[73 11 19 63.050314585583614 63 1008 0 3]
[55 22 0 80.95791430964914 81 1008 0 1]
[77 -18 -22 63.88623769411476 64 1008 0 3]
[11 2 -25 60.733095896802915 61 1008 0 3]
[33 -7 -4 68.15402833250218 68 1008 0 2]
[35 4 22 71.4298200684579 71 1008 0 2]
[71 -21 7 53.162573737409915 53 1008 0 3]
[15 -3 -20 88.12954422066863 88 1008 0 1]
[21 4 -1 65.9185983242499 66 1008 0 3]
[66 13 -13 61.40286100600252 61 1008 0 3]
[74 24 -16 132.78396498163715 133 1008 0 1]
[59 15 -10 72.72913048024736 73 1008 0 2]
[13 -4 4 63.52742068944622 64 1008 0 3]
[69 -21 -7 89.71946600779928 90 1008 0 1]
[60 -10 8 54.197808326174545 54 1008 0 3]
[61 5 -10 103.33603744352001 103 1008 0 1]
[76 9 20 78.04760432713707 78 1008 0 2]
[96 -25 -2 42.529343298861875 43 1008 0 3]
[6 -19 6 92.18841575862226 92 1008 0 1]
[62 -1 25 69.26231043898 69 1008 0 2]
[23 16 25 50.7972430883544 51 1008 0 3]
[9 -19 9 79.2957475036026 79 1008 0 2]
[98 12 11 99.75194487998245 100 1008 0 1]
[97 -16 -23 58.438009384840704 58 1008 0 3]
[32 -1 11 78.78003597050079 79 1008 0 2]
[65 -23 -5 74.68181659759531 75 1008 0 2]
[46 16 19 88.62786295040496 89 1008 0 1]
[89 6 10 79.15548080720592 79 1008 0 2]
[3 6 24 62.49021974293153 62 1008 0 3]
[75 13 20 56.12369394509824 56 1008 0 3]
[85 -14 25 73.00643430828127 73 1008 0 2]
[56 22 -21 64.62407958070015 65 1008 0 3]
[92 -14 -14 92.64792176059741 93 1008 0 1]
[53 12 7 63.18628848501735 63 1008 0 3]
[41 -2 5 86.03224666888097 86 1008 0 1]
[91 21 11 87.67925385239317 88 1008 0 1]
[10 16 -4 97.0985909678763 97 1008 0 1]
[80 15 -6 64.4771269919591 64 1008 0 3]
[7 -19 -8 72.02685826422743 72 1008 0 2]
[5 2 -20 64.57184222239862 65 1008 0 3]
[1 -16 -3 52.804226292390325 53 1008 0 3]
[27 13 2 80.10002982958939 80 1008 0 2]
[64 -12 4 80.99195288083018 81 1008 0 1]
[79 9 11 62.69576608749757 63 1008 0 3]
[90 2 7 69.88134303197273 70 1008 0 2]
[16 -23 4 74.41109718608537 74 1008 0 2]
[17 -17 -20 38.21862496329083 38 1008 0 3]
[68 1 22 85.09758581489127 85 1008 0 1]
[12 7 -11 77.56876252177298 78 1008 0 2]
[19 4 -17 70.08038665826422 70 1008 0 2]
[72 -7 6 66.79929403778792 67 1008 0 3]
[8 -24 -7 58.18935557671194 58 1008 0 3]
[20 20 -6 80.53616947083518 81 1008 0 2]
[37 -17 1 71.19017912842806 71 1008 0 2]
[78 -14 -19 67.8925819382572 68 1008 0 2]
[82 -18 -5 53.51965592489596 54 1008 0 3]
