18.17981 
18.23836 
19.16034 
19.41167 
20.22166 
20.54924 
21.36013 
21.50749 
21.51695 
22.24963 
22.46065 
22.69593 
23.18795 
23.70279 
23.79048 
24.45011 
24.54351 
24.66228 
24.76815 
25.49371 
25.56322 
25.59153 
25.98679 
26.08420 
26.16903 
26.19813 
27.20465 
27.56126 
27.58392 
27.70254 
27.76117 
28.10100 
28.59953 
28.87531 
28.97238 
29.13917 
29.61000 
29.67666 
30.02629 
30.06998 
30.22470 
30.30689 
30.40015 
30.79190 
30.87129 
31.88473 
33.02449 
33.37004 
33.84246 
34.17595 
34.44910 
34.93381 
35.22389 
35.42058 
35.61654 
35.64807 
35.85918 
35.97087 
36.27470 
36.32410 
36.40240 
37.43454 
37.48679 
37.71927 
37.97896 
38.18591 
38.99244 
39.33561 
40.77708 
42.49960 
42.98602 
43.47387 
43.73416 
44.11424 
44.24635 
44.72188 
45.32677 
45.72757 
45.78915 
46.09350 
46.78130 
46.88542 
47.25098 
47.39238 
48.82916 
49.88406 
50.20407 
51.99557 
52.19459 
53.00627 
53.79839 
56.13119 
59.26457 
60.48148 
60.78288 
62.21241 
62.88428 
62.92185 
63.85459 
73.43990 
