[66 12]
[20 9]
[107 12]
[93 11]
[8 12]
[35 11]
[118 12]
[41 13]
[110 12]
[48 13]
[38 11]
[55 11]
[95 12]
[15 11]
[71 10]
[89 10]
[85 12]
[92 13]
[11 12]
[32 10]
[60 11]
[29 11]
[69 10]
[33 13]
[79 11]
[108 13]
[80 10]
[72 13]
[109 14]
[88 13]
[28 10]
[98 11]
[119 13]
[58 10]
[100 13]
[31 12]
[46 11]
[83 12]
[94 9]
[63 14]
[113 12]
[54 10]
[116 13]
[67 14]
[44 13]
[23 11]
[104 10]
[77 10]
[59 10]
[49 11]
[26 12]
[74 14]
[42 11]
[87 10]
[117 11]
[97 13]
[57 10]
[73 13]
[50 9]
[9 13]
[3 12]
[19 10]
[86 11]
[47 13]
[5 12]
[45 14]
[43 12]
[114 9]
[96 11]
[16 15]
[64 11]
[4 10]
[56 11]
[53 14]
[7 11]
[27 12]
[39 12]
[13 11]
[112 10]
[2 14]
[103 11]
[84 10]
[121 11]
[75 11]
[40 14]
[68 9]
[81 10]
[105 11]
[76 11]
[1 12]
[90 10]
[24 9]
[65 9]
[52 11]
[37 12]
[12 12]
[78 15]
[51 10]
[34 13]
[21 10]
[6 12]
[82 13]
[102 12]
[30 12]
[120 9]
[91 10]
[62 14]
[18 9]
[101 12]
[111 11]
[99 10]
[22 12]
[115 11]
[61 12]
[10 13]
[14 9]
[70 10]
[17 11]
[106 13]
[36 12]
[25 13]
